10001100110111011101110000000011011001111000011100
11000111110011000000110110000001110000110111100011
00100110011000101010011101110101010101101100100010
00110111101010101000011101111011010100000100100000
01010010000110110011000000100100000011010111001100
01100000011001000101000001100101010111010010110111
10001101100100100111111111011111101011000110000110
00000010100011110011101101000111011101111011010100
11110101110110011011000110101101110000100100101000
11011001111101011000011010010001000110110101110001
11110011111110001000101111011001101101101101011110
00010110110110001111101000100101100111101010100111
11011111111011101010110110111001000000111101110000
00111001000011010100110101100110010010111010011111
00000110100111101011010111110111110000110101100010
10101100000111011111100000110111001011010001110001
01101110110110110011001101110101010101010100000110
00111010111011101111000101110111010111100001100100
10111110000111111000000100101011010000011011011101
11010101100000100111000100110000101011000100101001
01001111111101111100110101001100011111110101011011
01100011100000100101000010100100110101010000010100
01110000001100101110111100000101011110001100010111
01111010110001000000111010100001111010101000011110
01011010011011110100101110101010101111010001001101
10010111101110011000001011000010111101000011010010
01011110000001111101111100001100010100010100001010
10001010100000111011001110001000101011111100000111
11011001100110111101100111001101000000000111011001
00000101010101110010101111101011010011001100111101
11101000011010010010010100101010010011000010011000
01000010110001110000101110000010011010111111111011
01010100101111100110010101110001010000101101011011
10100111111010000000110101010000010101100000111101
11100001011100000001000101110000011100110011111110
10111101001101000000001111000000100010100101101101
00110011110001010011010111000100111011000001111000
10001000010100101111011001011100010110110100101010
11000101110001110001000001011011101111001110010011
11101011000011111111010010111011000100000101010000
01010000011000001011001100101001011110011010011111
11111011101011010010101000001001101011000111100010
01000101101011101001000000011000010101011010011101
00000001000111100010111111100100001010010100011101
10001011011010000001010001100111011011101111000110
11101101000001100110010101100110100011100000101001
01111100100011111110101100010011111110111011001000
10100111111001100101001001110000100011101100111011
10010001011101111100101000101101000010011111101000
01100110100111001100111001011111000101111100000000